13
3
2 2 2 5 5 0
3 3 4 2 1 0
4 
1 1 3 5 3 9 4 1 
9 1 11 0 0 4 7 8 
4 
1 1 3 3 5 5 7 7 
2 2 4 4 6 6 8 8
10
11 11 13 13 15 15 17 17 19 19 1 1 3 3 5 5 7 7 9 9 
2 100 4 4 6 6 8 8 10 10 12 12 14 14 16 16 18 18 20 100
10
11 11 13 13 15 15 17 17 19 19 1 1 3 3 5 5 7 7 9 9 
2 2 4 4 6 6 8 8 10 10 12 50 14 14 16 16 18 18 20 100
10
11 11 13 13 15 15 17 17 19 19 1 1 3 3 5 5 7 7 9 9 
2 2 4 4 6 6 8 8 10 10 12 12 14 14 16 16 18 18 20 100
10
11 11 13 13 15 15 17 17 19 19 1 1 3 3 5 5 7 7 9 9 
2 2 4 4 6 6 8 8 10 10 12 12 14 14 16 16 18 18 20 100
10
11 11 13 13 15 15 17 17 19 19 1 1 3 3 5 5 7 7 9 9 
2 2 4 4 6 6 8 8 10 10 12 12 14 14 16 16 18 18 20 100
10
11 11 13 13 15 15 17 17 19 19 1 1 3 3 5 5 7 7 9 9 
2 2 4 4 6 6 8 8 10 10 12 12 14 14 16 16 18 18 20 100
10
11 11 13 13 15 15 17 17 19 19 1 1 3 3 5 5 7 7 9 9 
2 2 4 4 6 6 8 8 10 10 12 12 14 14 16 16 18 18 20 100
10
11 11 13 13 15 15 17 17 19 19 1 1 3 3 5 5 7 7 9 9 
2 2 4 4 6 6 8 8 10 10 12 12 14 14 16 16 18 18 20 100
10
11 11 13 13 15 15 17 17 19 19 1 1 3 3 5 5 7 7 9 9 
2 2 4 4 6 6 8 8 10 10 12 12 14 14 16 16 18 18 20 100
10
11 11 13 13 15 15 17 17 19 19 1 1 3 3 5 5 7 7 9 9 
100 100 90 90 80 80 70 70 60 60 50 50 40 40 30 30 20 20 10 10